Età;Sopravviventi;Decessi;Probabilità di morte (per mille);Anni vissuti;Probabilità prospettive di sopravvivenza;Speranza di vita
0;100000;211;2,11131;99801;0,9997972;85,459
1;99789;16;0,15602;99781;0,9998514;84,638
2;99773;14;0,14124;99766;0,9998662;83,652
3;99759;13;0,12646;99753;0,9998809;82,663
4;99747;11;0,11168;99741;0,9999273;81,674
5;99735;3;0,03373;99734;0,9999590;80,683
6;99732;5;0,04833;99730;0,9999444;79,685
7;99727;6;0,06293;99724;0,9999298;78,689
8;99721;8;0,07753;99717;0,9999152;77,694
9;99713;9;0,09213;99709;0,9999014;76,700
10;99704;10;0,10500;99699;0,9998878;75,707
11;99694;12;0,11936;99688;0,9998735;74,715
12;99682;13;0,13373;99675;0,9998625;73,724
13;99668;14;0,14135;99661;0,9998582;72,734
14;99654;14;0,14224;99647;0,9998676;71,744
15;99640;12;0,12257;99634;0,9998771;70,754
16;99628;12;0,12332;99622;0,9998763;69,763
17;99616;12;0,12408;99609;0,9998704;68,771
18;99603;13;0,13520;99597;0,9998541;67,780
19;99590;16;0,15667;99582;0,9998131;66,789
20;99574;22;0,21718;99563;0,9997697;65,799
21;99553;24;0,24336;99540;0,9997436;64,813
22;99528;27;0,26954;99515;0,9997317;63,829
23;99502;27;0,26699;99488;0,9997487;62,846
24;99475;23;0,23571;99463;0,9998176;61,863
25;99451;13;0,12913;99445;0,9998807;60,877
26;99439;11;0,10937;99433;0,9999005;59,885
27;99428;9;0,08961;99423;0,9999075;58,892
28;99419;9;0,09548;99414;0,9998888;57,897
29;99409;13;0,12697;99403;0,9998127;56,902
30;99397;25;0,24756;99384;0,9997278;55,909
31;99372;29;0,29676;99357;0,9996786;54,923
32;99343;34;0,34595;99325;0,9996410;53,939
33;99308;37;0,37213;99290;0,9996263;52,958
34;99271;37;0,37529;99253;0,9996512;51,977
35;99234;32;0,32223;99218;0,9996764;50,997
36;99202;32;0,32492;99186;0,9996737;50,013
37;99170;32;0,32762;99154;0,9996623;49,029
38;99137;34;0,34769;99120;0,9996336;48,045
39;99103;38;0,38514;99084;0,9995867;47,061
40;99065;44;0,44148;99043;0,9995390;46,079
41;99021;48;0,48060;98997;0,9994998;45,100
42;98973;51;0,51972;98948;0,9994506;44,121
43;98922;57;0,57907;98893;0,9993811;43,144
44;98865;65;0,65865;98832;0,9993037;42,168
45;98800;73;0,73392;98763;0,9992265;41,196
46;98727;80;0,81304;98687;0,9991474;40,226
47;98647;88;0,89215;98603;0,9990438;39,258
48;98559;101;1,02021;98509;0,9988913;38,293
49;98458;118;1,19721;98399;0,9986767;37,331
50;98340;143;1,44958;98269;0,9984571;36,375
51;98198;161;1,63628;98117;0,9982704;35,427
52;98037;179;1,82298;97948;0,9980882;34,485
53;97858;196;2,00084;97761;0,9979147;33,547
54;97663;212;2,16985;97557;0,9978237;32,613
55;97451;213;2,18270;97344;0,9977385;31,683
56;97238;228;2,34045;97124;0,9975808;30,751
57;97010;242;2,49819;96889;0,9973490;29,822
58;96768;271;2,80410;96632;0,9969692;28,895
59;96497;314;3,25819;96340;0,9963851;27,975
60;96182;382;3,97279;95991;0,9957847;27,065
61;95800;427;4,45868;95587;0,9952989;26,171
62;95373;472;4,94456;95137;0,9948272;25,286
63;94901;513;5,40218;94645;0,9943837;24,409
64;94389;550;5,83156;94114;0,9940949;23,539
65;93838;561;5,97905;93558;0,9938165;22,674
66;93277;596;6,38914;92979;0,9934065;21,808
67;92681;630;6,79923;92366;0,9928967;20,945
68;92051;682;7,40936;91710;0,9921871;20,085
69;91369;751;8,21952;90994;0,9913915;19,231
70;90618;816;9,00062;90210;0,9905974;18,386
71;89803;881;9,80818;89362;0,9897900;17,548
72;88922;944;10,61574;88450;0,9887541;16,717
73;87978;1045;11,88279;87455;0,9872591;15,891
74;86932;1183;13,60932;86341;0,9855397;15,076
75;85749;1314;15,32301;85092;0,9838211;14,278
76;84435;1439;17,04809;83716;0,9820968;13,492
77;82996;1558;18,77316;82217;0,9798705;12,717
78;81438;1752;21,51172;80562;0,9766327;11,951
79;79686;2013;25,26377;78679;0,9731430;11,203
80;77673;2213;28,49158;76566;0,9696924;10,480
81;75460;2428;32,17690;74246;0,9660105;9,773
82;73032;2619;35,86245;71722;0,9608509;9,081
83;70413;2997;42,55808;68914;0,9526941;8,400
84;67416;3523;52,26482;65654;0,9416592;7,751
85;63892;4137;64,75181;61824;0,9303538;7,151
86;59755;4474;74,87952;57518;0,9202551;6,612
87;55281;4699;85,00405;52931;0,9087110;6,107
88;50582;4965;98,15776;48099;0,8941702;5,627
89;45617;5216;114,33680;43009;0,8767813;5,186
90;40401;5383;133,24726;37709;0,8591050;4,790
91;35018;5243;149,71836;32396;0,8427198;4,450
92;29775;4948;166,17347;27301;0,8263877;4,145
93;24827;4532;182,53355;22561;0,8101507;3,872
94;20295;4035;198,79853;18278;0,7970483;3,625
95;16261;3384;208,13546;14568;0,7848877;3,400
96;12876;2883;223,92306;11435;0,7691804;3,163
97;9993;2395;239,70599;8795;0,7511740;2,931
98;7598;1982;260,82140;6607;0,7279407;2,697
99;5616;1613;287,26248;4809;0,6998900;2,473
100;4003;1273;318,13560;3366;0,6710457;2,268
101;2729;941;344,82069;2259;0,6446298;2,092
102;1788;664;371,47188;1456;0,6170025;1,930
103;1124;451;401,33487;898;0,5862857;1,776
104;673;292;434,39271;527;0,5526552;1,631
105;381;179;470,24436;291;0,5183181;1,500
106;202;101;503,27218;151;0,4857954;1,387
107;100;54;536,21360;73;0,4534593;1,286
108;46;26;568,80762;33;0,4214783;1,196
109;20;12;601,05015;14;0,3893833;1,113
110;8;5;634,59608;5;0,3568340;1,037
111;3;2;666,61922;2;0,3254072;0,970
112;1;1;698,51018;1;0,2949118;0,910
113;0;0;726,90676;0;0,2677446;0,860
114;0;0;751,84090;0;0,2432858;0,817
115;0;0;776,35221;0;0,2191295;0,777
116;0;0;801,07306;0;0,1948467;0,740
117;0;0;825,66467;0;0,1713029;0,705
118;0;0;846,09140;0;0,1517328;0,678
119;0;0;862,40433;0;0,1362080;0,657
